num
-1.84509311e-20
5.24950008e-06
3.58201721e-05
1.17920813e-04
2.84461806e-04
5.76319029e-04
1.04264693e-03
1.73989433e-03
2.72931981e-03
4.07299034e-03
5.82845433e-03
8.04248483e-03
1.07444615e-02
1.39400791e-02
1.76061178e-02
2.16869718e-02
2.60935146e-02
3.07046827e-02
3.53719090e-02
3.99262549e-02
4.41878102e-02
4.79766758e-02
5.11246591e-02
5.34866981e-02
5.49510241e-02
5.54471589e-02
5.49510241e-02
5.34866981e-02
5.11246591e-02
4.79766758e-02
4.41878102e-02
3.99262549e-02
3.53719090e-02
3.07046827e-02
2.60935146e-02
2.16869718e-02
1.76061178e-02
1.39400791e-02
1.07444615e-02
8.04248483e-03
5.82845433e-03
4.07299034e-03
2.72931981e-03
1.73989433e-03
1.04264693e-03
5.76319029e-04
2.84461806e-04
1.17920813e-04
3.58201721e-05
5.24950008e-06
-1.84509311e-20
den
1.00000000e+00
